100,1002,1,0,0
100,1005,2,0,0
100,1008,3,0,0
100,1011,4,0,0
100,1012,5,0,0
100,1014,6,0,0
100,2595107,7,0,0
100,1017,8,0,0
100,1020,9,0,0
100,1023,10,0,0
100,1026,11,0,0
100,1032,12,0,0
100,1035,13,0,0
100,1041,14,0,0
100,1044,15,0,0
100,1047,16,0,0
100,1049,17,0,0
100,1051,18,0,0
100,1053,19,0,0
100,1056,20,0,0
100,1059,21,0,0
100,1062,22,0,0
100,1065,23,0,0
100,1068,24,0,0
100,1071,25,0,0
100,1074,26,0,0
100,1077,27,0,0
100,1080,28,0,0
100,1083,29,0,0
100,1086,30,0,0
100,1089,31,0,0
100,1092,32,0,0
100,1095,33,0,0
100,1098,34,0,0
100,1101,35,0,0
100,1104,36,0,0
100,2595108,37,0,0
100,1107,38,0,0
100,1139,39,0,0
100,1142,40,0,0
100,2595109,41,1,1
200,2001,1,0,0
200,2004,2,0,0
200,2007,3,0,0
200,2010,4,0,0
200,2013,5,0,0
200,2016,6,0,0
200,2019,7,0,0
200,2022,8,0,0
200,2025,9,0,0
200,2028,10,0,0
200,2031,11,0,0
200,2034,12,0,0
200,2037,13,0,0
200,2040,14,0,0
200,2043,15,0,0
200,2046,16,0,0
200,2049,17,0,0
200,2052,18,0,0
200,323429,19,0,0
200,323431,20,0,0
200,323432,21,0,0
200,2061,22,0,0
200,2064,23,0,0
200,2067,24,0,0
200,2070,25,0,0
200,2073,26,0,0
200,2076,27,0,0
200,2079,28,0,0
200,2082,29,0,0
200,2085,30,0,0
200,2088,31,0,0
200,2091,32,0,0
200,2094,33,0,0
200,2595207,34,0,0
200,2097,35,0,0
200,2100,36,0,0
200,2103,37,0,0
200,2106,38,0,0
200,2109,39,0,0
200,3124,40,0,0
200,3127,41,0,0
200,3133,42,1,1
300,2595110,1,0,0
300,3004,2,0,0
300,3007,3,0,0
300,3010,4,0,0
300,3013,5,0,0
300,3016,6,0,0
300,3018,7,0,0
300,3020,8,0,0
300,3022,9,0,0
300,3024,10,0,0
300,3026,11,0,0
300,3028,12,0,0
300,3030,13,0,0
300,3032,14,0,0
300,3034,15,0,0
300,2595111,16,0,0
300,3036,17,0,0
300,3038,18,0,0
300,3040,19,0,0
300,3043,20,0,0
300,3046,21,0,0
300,3049,22,0,0
300,3052,23,0,0
300,3055,24,0,0
300,3058,25,0,0
300,3064,26,0,0
300,3067,27,0,0
300,3070,28,0,0
300,3073,29,0,0
300,3076,30,0,0
300,3079,31,0,0
300,3082,32,0,0
300,3085,33,0,0
300,3044071,34,0,0
300,3088,35,0,0
300,2595206,36,0,0
300,3091,37,0,0
300,3094,38,0,0
300,3097,39,0,0
300,3100,40,0,0
300,3103,41,0,0
300,3106,42,0,0
300,3108,43,0,0
300,3110,44,0,0
300,3112,45,0,0
300,3114,46,0,0
300,3116,47,0,0
300,3118,48,0,0
300,3121,49,0,0
300,2112,50,0,0
300,2115,51,0,0
300,2121,52,1,1
400,4001,1,0,0
400,4007,2,0,0
400,4010,3,0,0
400,4013,4,0,0
400,2595208,5,0,0
400,4016,6,0,0
400,4019,7,0,0
400,4022,8,0,0
400,2595209,9,0,0
400,4025,10,0,0
400,2595210,11,0,0
400,4028,12,0,0
400,2595211,13,0,0
400,4031,14,0,0
400,4034,15,0,0
400,4037,16,0,0
400,4040,17,0,0
400,4043,18,0,0
400,4046,19,0,0
400,4049,20,0,0
400,4052,21,0,0
400,4055,22,0,0
400,2595212,23,0,0
400,2595213,24,0,0
400,4058,25,0,0
400,4061,26,0,0
400,4064,27,0,0
400,4067,28,0,0
400,4070,29,0,0
400,4073,30,0,0
400,4076,31,0,0
400,4079,32,0,0
400,2595214,33,0,0
400,4085,34,0,0
400,4088,35,0,0
400,4091,36,0,0
400,4094,37,0,0
400,4097,38,0,0
400,4100,39,0,0
400,4103,40,0,0
400,4106,41,0,0
400,4109,42,0,0
400,4112,43,0,0
400,4115,44,0,0
400,4118,45,0,0
400,4121,46,0,0
400,2595215,47,0,0
400,4124,48,0,0
400,4127,49,0,0
400,4130,50,0,0
400,4133,51,0,0
400,4136,52,0,0
400,4139,53,0,0
400,4142,54,0,0
400,4148,55,0,0
400,2595216,56,0,0
400,2595217,57,0,0
400,3001,58,1,1
